object Form1: TForm1
  Left = 0
  Top = 0
  Caption = 'Form1'
  ClientHeight = 720
  ClientWidth = 421
  Position = ScreenCenter
  FormFactor.Width = 320
  FormFactor.Height = 480
  FormFactor.Devices = [Desktop]
  DesignerMasterStyle = 0
  object ToolBar1: TToolBar
    Size.Width = 421.000000000000000000
    Size.Height = 40.000000000000000000
    Size.PlatformDefault = False
    TabOrder = 0
    object Button1: TButton
      Align = MostLeft
      StyledSettings = [Family, Style, FontColor]
      Margins.Left = 5.000000000000000000
      Margins.Top = 5.000000000000000000
      Margins.Right = 5.000000000000000000
      Margins.Bottom = 5.000000000000000000
      Position.X = 5.000000000000000000
      Position.Y = 5.000000000000000000
      Size.Width = 80.000000000000000000
      Size.Height = 30.000000000000000000
      Size.PlatformDefault = False
      TabOrder = 0
      Text = 'Fetch'
      TextSettings.Font.Size = 14.000000000000000000
      OnClick = Button1Click
    end
    object DateEdit1: TDateEdit
      Date = 44571.000000000000000000
      Format = 'dd/mm/yyyy'
      Align = Right
      Margins.Left = 5.000000000000000000
      Margins.Top = 5.000000000000000000
      Margins.Right = 5.000000000000000000
      Margins.Bottom = 5.000000000000000000
      Position.X = 186.000000000000000000
      Position.Y = 5.000000000000000000
      Size.Width = 100.000000000000000000
      Size.Height = 30.000000000000000000
      Size.PlatformDefault = False
      TabOrder = 1
    end
    object Button2: TButton
      Align = MostRight
      StyledSettings = [Family, Style, FontColor]
      Margins.Left = 5.000000000000000000
      Margins.Top = 5.000000000000000000
      Margins.Right = 5.000000000000000000
      Margins.Bottom = 5.000000000000000000
      Position.X = 296.000000000000000000
      Position.Y = 5.000000000000000000
      Size.Width = 120.000000000000000000
      Size.Height = 30.000000000000000000
      Size.PlatformDefault = False
      TabOrder = 2
      Text = 'Get Historical Data'
      TextSettings.Font.Size = 14.000000000000000000
    end
  end
  object Layout1: TLayout
    Align = Client
    Size.Width = 421.000000000000000000
    Size.Height = 680.000000000000000000
    Size.PlatformDefault = False
    TabOrder = 1
    object VertScrollBox1: TVertScrollBox
      Align = Client
      Size.Width = 421.000000000000000000
      Size.Height = 680.000000000000000000
      Size.PlatformDefault = False
      TabOrder = 0
      Viewport.Width = 421.000000000000000000
      Viewport.Height = 680.000000000000000000
    end
  end
  object RESTClient1: TRESTClient
    BaseURL = 
      'http://api.financelayer.com/v1/news?access_key=9c4d903a906c681e9' +
      'db08724d073c910'
    Params = <>
    Left = 72
    Top = 352
  end
  object RESTRequest1: TRESTRequest
    AssignedValues = [rvConnectTimeout, rvReadTimeout]
    Client = RESTClient1
    Params = <>
    Response = RESTResponse1
    Left = 264
    Top = 352
  end
  object RESTResponse1: TRESTResponse
    Left = 168
    Top = 352
  end
end
